
DETEnergyDetector = [
    1    1    1    1    1    1    1    1    1    1  0.00000E+00 0.00000 
    2    2    1    1    1    1    1    1    1    1  0.00000E+00 0.00000 
    3    3    1    1    1    1    1    1    1    1  0.00000E+00 0.00000 
    4    4    1    1    1    1    1    1    1    1  0.00000E+00 0.00000 
    5    5    1    1    1    1    1    1    1    1  0.00000E+00 0.00000 
    6    6    1    1    1    1    1    1    1    1  0.00000E+00 0.00000 
    7    7    1    1    1    1    1    1    1    1  0.00000E+00 0.00000 
    8    8    1    1    1    1    1    1    1    1  0.00000E+00 0.00000 
    9    9    1    1    1    1    1    1    1    1  0.00000E+00 0.00000 
   10   10    1    1    1    1    1    1    1    1  0.00000E+00 0.00000 
   11   11    1    1    1    1    1    1    1    1  0.00000E+00 0.00000 
   12   12    1    1    1    1    1    1    1    1  0.00000E+00 0.00000 
   13   13    1    1    1    1    1    1    1    1  0.00000E+00 0.00000 
   14   14    1    1    1    1    1    1    1    1  0.00000E+00 0.00000 
   15   15    1    1    1    1    1    1    1    1  0.00000E+00 0.00000 
   16   16    1    1    1    1    1    1    1    1  0.00000E+00 0.00000 
   17   17    1    1    1    1    1    1    1    1  1.54345E-07 1.00000 
   18   18    1    1    1    1    1    1    1    1  0.00000E+00 0.00000 
   19   19    1    1    1    1    1    1    1    1  0.00000E+00 0.00000 
   20   20    1    1    1    1    1    1    1    1  0.00000E+00 0.00000 
   21   21    1    1    1    1    1    1    1    1  0.00000E+00 0.00000 
   22   22    1    1    1    1    1    1    1    1  0.00000E+00 0.00000 
   23   23    1    1    1    1    1    1    1    1  0.00000E+00 0.00000 
   24   24    1    1    1    1    1    1    1    1  0.00000E+00 0.00000 
   25   25    1    1    1    1    1    1    1    1  0.00000E+00 0.00000 
   26   26    1    1    1    1    1    1    1    1  0.00000E+00 0.00000 
   27   27    1    1    1    1    1    1    1    1  0.00000E+00 0.00000 
   28   28    1    1    1    1    1    1    1    1  0.00000E+00 0.00000 
   29   29    1    1    1    1    1    1    1    1  0.00000E+00 0.00000 
   30   30    1    1    1    1    1    1    1    1  0.00000E+00 0.00000 
   31   31    1    1    1    1    1    1    1    1  0.00000E+00 0.00000 
   32   32    1    1    1    1    1    1    1    1  0.00000E+00 0.00000 
   33   33    1    1    1    1    1    1    1    1  0.00000E+00 0.00000 
   34   34    1    1    1    1    1    1    1    1  0.00000E+00 0.00000 
   35   35    1    1    1    1    1    1    1    1  0.00000E+00 0.00000 
   36   36    1    1    1    1    1    1    1    1  0.00000E+00 0.00000 
   37   37    1    1    1    1    1    1    1    1  0.00000E+00 0.00000 
   38   38    1    1    1    1    1    1    1    1  0.00000E+00 0.00000 
   39   39    1    1    1    1    1    1    1    1  0.00000E+00 0.00000 
   40   40    1    1    1    1    1    1    1    1  0.00000E+00 0.00000 
   41   41    1    1    1    1    1    1    1    1  0.00000E+00 0.00000 
   42   42    1    1    1    1    1    1    1    1  0.00000E+00 0.00000 
   43   43    1    1    1    1    1    1    1    1  0.00000E+00 0.00000 
   44   44    1    1    1    1    1    1    1    1  3.18473E-07 1.00000 
   45   45    1    1    1    1    1    1    1    1  3.35530E-07 1.00000 
   46   46    1    1    1    1    1    1    1    1  0.00000E+00 0.00000 
   47   47    1    1    1    1    1    1    1    1  0.00000E+00 0.00000 
   48   48    1    1    1    1    1    1    1    1  0.00000E+00 0.00000 
   49   49    1    1    1    1    1    1    1    1  0.00000E+00 0.00000 
   50   50    1    1    1    1    1    1    1    1  3.87796E-07 1.00000 
   51   51    1    1    1    1    1    1    1    1  0.00000E+00 0.00000 
   52   52    1    1    1    1    1    1    1    1  0.00000E+00 0.00000 
   53   53    1    1    1    1    1    1    1    1  0.00000E+00 0.00000 
   54   54    1    1    1    1    1    1    1    1  0.00000E+00 0.00000 
   55   55    1    1    1    1    1    1    1    1  0.00000E+00 0.00000 
   56   56    1    1    1    1    1    1    1    1  0.00000E+00 0.00000 
   57   57    1    1    1    1    1    1    1    1  9.60808E-06 0.70354 
   58   58    1    1    1    1    1    1    1    1  1.50102E-06 0.57183 
   59   59    1    1    1    1    1    1    1    1  5.08095E-07 1.00000 
   60   60    1    1    1    1    1    1    1    1  5.37696E-06 0.90832 
   61   61    1    1    1    1    1    1    1    1  5.29850E-07 1.00000 
   62   62    1    1    1    1    1    1    1    1  1.10302E-06 0.70356 
   63   63    1    1    1    1    1    1    1    1  1.12986E-05 0.70354 
   64   64    1    1    1    1    1    1    1    1  6.52140E-06 0.91081 
   65   65    1    1    1    1    1    1    1    1  6.23672E-07 1.00000 
   66   66    1    1    1    1    1    1    1    1  6.04997E-07 1.00000 
   67   67    1    1    1    1    1    1    1    1  0.00000E+00 0.00000 
   68   68    1    1    1    1    1    1    1    1  6.82182E-06 0.91198 
   69   69    1    1    1    1    1    1    1    1  7.18535E-06 0.91261 
   70   70    1    1    1    1    1    1    1    1  8.13445E-06 0.84075 
   71   71    1    1    1    1    1    1    1    1  7.06576E-07 1.00000 
   72   72    1    1    1    1    1    1    1    1  7.74670E-06 0.91032 
   73   73    1    1    1    1    1    1    1    1  9.45131E-06 0.77940 
   74   74    1    1    1    1    1    1    1    1  9.22131E-06 0.84195 
   75   75    1    1    1    1    1    1    1    1  1.54852E-06 0.70365 
   76   76    1    1    1    1    1    1    1    1  1.63326E-05 0.67141 
   77   77    1    1    1    1    1    1    1    1  8.05969E-06 1.00000 
   78   78    1    1    1    1    1    1    1    1  1.97791E-05 0.61476 
   79   79    1    1    1    1    1    1    1    1  2.22222E-04 0.19600 
   80   80    1    1    1    1    1    1    1    1  1.95124E-04 0.20605 
   81   81    1    1    1    1    1    1    1    1  6.32552E-05 0.33966 
   82   82    1    1    1    1    1    1    1    1  9.49568E-05 0.28372 
   83   83    1    1    1    1    1    1    1    1  1.10062E-04 0.31655 
   84   84    1    1    1    1    1    1    1    1  1.51295E-04 0.25211 
   85   85    1    1    1    1    1    1    1    1  1.06786E-04 0.27999 
   86   86    1    1    1    1    1    1    1    1  1.10363E-04 0.27766 
   87   87    1    1    1    1    1    1    1    1  2.17416E-04 0.20399 
   88   88    1    1    1    1    1    1    1    1  1.58708E-04 0.25862 
   89   89    1    1    1    1    1    1    1    1  2.86035E-04 0.17866 
   90   90    1    1    1    1    1    1    1    1  2.65210E-04 0.17718 
   91   91    1    1    1    1    1    1    1    1  2.84167E-04 0.19435 
   92   92    1    1    1    1    1    1    1    1  2.97675E-04 0.21726 
   93   93    1    1    1    1    1    1    1    1  4.55653E-04 0.19795 
   94   94    1    1    1    1    1    1    1    1  4.45793E-04 0.17397 
   95   95    1    1    1    1    1    1    1    1  1.19948E-03 0.11164 
   96   96    1    1    1    1    1    1    1    1  2.75025E-03 0.07286 
   97   97    1    1    1    1    1    1    1    1  4.94935E-04 0.17906 
   98   98    1    1    1    1    1    1    1    1  6.19002E-04 0.15950 
   99   99    1    1    1    1    1    1    1    1  6.99117E-04 0.16167 
  100  100    1    1    1    1    1    1    1    1  2.17502E-03 0.08497 
  101  101    1    1    1    1    1    1    1    1  1.13396E-03 0.11387 
  102  102    1    1    1    1    1    1    1    1  1.76324E-03 0.09591 
  103  103    1    1    1    1    1    1    1    1  2.47903E-03 0.08196 
  104  104    1    1    1    1    1    1    1    1  3.31462E-03 0.06727 
  105  105    1    1    1    1    1    1    1    1  2.13748E-03 0.09775 
  106  106    1    1    1    1    1    1    1    1  2.03683E-03 0.08796 
  107  107    1    1    1    1    1    1    1    1  2.38145E-03 0.10376 
  108  108    1    1    1    1    1    1    1    1  6.28072E-03 0.06204 
  109  109    1    1    1    1    1    1    1    1  8.76648E-03 0.05115 
