
ZAI = [
922350
942390
641550
641570
531350
541350
666
0
];

NAMES = [
'U235            '
'Pu239           '
'Gd155           '
'Gd157           '
'I135            '
'Xe135           '
'lost            '
'total           '
];

i922350 = 1; iU235             = 1;
i942390 = 2; iPu239            = 2;
i641550 = 3; iGd155            = 3;
i641570 = 4; iGd157            = 4;
i531350 = 5; iI135             = 5;
i541350 = 6; iXe135            = 6;
iLOST    = 7;
iTOT     = 8;

MAT_fuel_salt_VOLUME = [ 1.55290E+10 ];

MAT_fuel_salt_BURNUP = [ 0.00000E+00 ];

MAT_fuel_salt_ADENS = [
1.89370E-04 % U235
0.00000E+00 % Pu239
0.00000E+00 % Gd155
0.00000E+00 % Gd157
0.00000E+00 % I135
0.00000E+00 % Xe135
0.00000E+00 % lost data
7.95354E-02 % total
];

MAT_fuel_salt_MDENS = [
7.39123E-02 % U235
0.00000E+00 % Pu239
0.00000E+00 % Gd155
0.00000E+00 % Gd157
0.00000E+00 % I135
0.00000E+00 % Xe135
0.00000E+00 % lost data
3.35000E+00 % total
];

MAT_fuel_salt_A = [
9.17497E+13 % U235
0.00000E+00 % Pu239
0.00000E+00 % Gd155
0.00000E+00 % Gd157
0.00000E+00 % I135
0.00000E+00 % Xe135
0.00000E+00 % lost data
3.66424E+14 % total
];

MAT_fuel_salt_H = [
6.78055E+01 % U235
0.00000E+00 % Pu239
0.00000E+00 % Gd155
0.00000E+00 % Gd157
0.00000E+00 % I135
0.00000E+00 % Xe135
0.00000E+00 % lost data
2.55950E+02 % total
];

MAT_fuel_salt_SF = [
6.60598E+03 % U235
0.00000E+00 % Pu239
0.00000E+00 % Gd155
0.00000E+00 % Gd157
0.00000E+00 % I135
0.00000E+00 % Xe135
0.00000E+00 % lost data
1.49972E+10 % total
];

MAT_fuel_salt_GSRC = [
1.11489E+14 % U235
0.00000E+00 % Pu239
0.00000E+00 % Gd155
0.00000E+00 % Gd157
0.00000E+00 % I135
0.00000E+00 % Xe135
0.00000E+00 % lost data
1.31460E+14 % total
];

MAT_fuel_salt_ING_TOX = [
4.31224E+06 % U235
0.00000E+00 % Pu239
0.00000E+00 % Gd155
0.00000E+00 % Gd157
0.00000E+00 % I135
0.00000E+00 % Xe135
0.00000E+00 % lost data
1.66726E+07 % total
];

MAT_fuel_salt_INH_TOX = [
7.79872E+08 % U235
0.00000E+00 % Pu239
0.00000E+00 % Gd155
0.00000E+00 % Gd157
0.00000E+00 % I135
0.00000E+00 % Xe135
0.00000E+00 % lost data
2.97727E+09 % total
];

TOT_VOLUME = [ 1.55290E+10 ];

TOT_BURNUP = [ 0.00000E+00 ];

TOT_ADENS = [
1.89370E-04 % U235
0.00000E+00 % Pu239
0.00000E+00 % Gd155
0.00000E+00 % Gd157
0.00000E+00 % I135
0.00000E+00 % Xe135
0.00000E+00 % lost data
7.95354E-02 % total
];

TOT_MASS = [
1.14778E+09 % U235
0.00000E+00 % Pu239
0.00000E+00 % Gd155
0.00000E+00 % Gd157
0.00000E+00 % I135
0.00000E+00 % Xe135
0.00000E+00 % lost data
5.20222E+10 % total
];

TOT_A = [
9.17497E+13 % U235
0.00000E+00 % Pu239
0.00000E+00 % Gd155
0.00000E+00 % Gd157
0.00000E+00 % I135
0.00000E+00 % Xe135
0.00000E+00 % lost data
3.66424E+14 % total
];

TOT_H = [
6.78055E+01 % U235
0.00000E+00 % Pu239
0.00000E+00 % Gd155
0.00000E+00 % Gd157
0.00000E+00 % I135
0.00000E+00 % Xe135
0.00000E+00 % lost data
2.55950E+02 % total
];

TOT_SF = [
6.60598E+03 % U235
0.00000E+00 % Pu239
0.00000E+00 % Gd155
0.00000E+00 % Gd157
0.00000E+00 % I135
0.00000E+00 % Xe135
0.00000E+00 % lost data
1.49972E+10 % total
];

TOT_GSRC = [
1.11489E+14 % U235
0.00000E+00 % Pu239
0.00000E+00 % Gd155
0.00000E+00 % Gd157
0.00000E+00 % I135
0.00000E+00 % Xe135
0.00000E+00 % lost data
1.31460E+14 % total
];

TOT_ING_TOX = [
4.31224E+06 % U235
0.00000E+00 % Pu239
0.00000E+00 % Gd155
0.00000E+00 % Gd157
0.00000E+00 % I135
0.00000E+00 % Xe135
0.00000E+00 % lost data
1.66726E+07 % total
];

TOT_INH_TOX = [
7.79872E+08 % U235
0.00000E+00 % Pu239
0.00000E+00 % Gd155
0.00000E+00 % Gd157
0.00000E+00 % I135
0.00000E+00 % Xe135
0.00000E+00 % lost data
2.97727E+09 % total
];

BU = [ 0.00000E+00 ];

DAYS = [ 0.00000E+00 ];
