
ZAI = [
922350
942390
641550
641570
531350
541350
666
0
];

NAMES = [
'U235            '
'Pu239           '
'Gd155           '
'Gd157           '
'I135            '
'Xe135           '
'lost            '
'total           '
];

i922350 = 1; iU235             = 1;
i942390 = 2; iPu239            = 2;
i641550 = 3; iGd155            = 3;
i641570 = 4; iGd157            = 4;
i531350 = 5; iI135             = 5;
i541350 = 6; iXe135            = 6;
iLOST    = 7;
iTOT     = 8;

MAT_fuel_salt_VOLUME = [ 1.55290E+10 1.55290E+10 1.55290E+10 1.55290E+10 1.55290E+10 1.55290E+10 1.55290E+10 1.55290E+10 1.55290E+10 1.55290E+10 1.55290E+10 1.55290E+10 1.55290E+10 ];

MAT_fuel_salt_BURNUP = [ 0.00000E+00 1.00012E-01 5.00246E-01 1.00041E+00 3.00138E+00 5.00215E+00 7.00354E+00 9.00356E+00 1.10016E+01 1.30022E+01 1.50022E+01 1.69963E+01 1.90016E+01 ];

MAT_fuel_salt_ADENS = [
1.89370E-04 1.88890E-04 1.87081E-04 1.85010E-04 1.78093E-04 1.72513E-04 1.67927E-04 1.64307E-04 1.61569E-04 1.59564E-04 1.58161E-04 1.57224E-04 1.56616E-04 % U235
0.00000E+00 2.30872E-07 1.02297E-06 1.82182E-06 3.90791E-06 5.22133E-06 6.23454E-06 7.04378E-06 7.71756E-06 8.28280E-06 8.70987E-06 9.09510E-06 9.39227E-06 % Pu239
0.00000E+00 4.83259E-11 3.04279E-10 5.05709E-10 1.08097E-09 1.71495E-09 2.55315E-09 3.68545E-09 5.15397E-09 6.91272E-09 8.81953E-09 1.09845E-08 1.33193E-08 % Gd155
0.00000E+00 1.65190E-11 3.99488E-11 5.90033E-11 1.11469E-10 1.52941E-10 2.01681E-10 2.68164E-10 3.63488E-10 4.97338E-10 6.65730E-10 8.79039E-10 1.15660E-09 % Gd157
0.00000E+00 3.20484E-12 3.20822E-12 3.20880E-12 3.09986E-12 3.10803E-12 3.18942E-12 3.20514E-12 3.21140E-12 3.22139E-12 3.22939E-12 3.21153E-12 3.22371E-12 % I135
0.00000E+00 4.61774E-12 4.67087E-12 4.71217E-12 4.63948E-12 4.70344E-12 4.87474E-12 4.94131E-12 4.98573E-12 5.03052E-12 5.06328E-12 5.05066E-12 5.08456E-12 % Xe135
0.00000E+00 1.25732E-14 6.22482E-14 1.23721E-13 3.67646E-13 6.15489E-13 8.79331E-13 1.15657E-12 1.44620E-12 1.74677E-12 2.05343E-12 2.36342E-12 2.67871E-12 % lost data
7.95354E-02 7.95358E-02 7.95375E-02 7.95395E-02 7.95478E-02 7.95566E-02 7.95662E-02 7.95765E-02 7.95874E-02 7.95990E-02 7.96112E-02 7.96239E-02 7.96371E-02 % total
];

MAT_fuel_salt_MDENS = [
7.39123E-02 7.37248E-02 7.30189E-02 7.22106E-02 6.95109E-02 6.73330E-02 6.55428E-02 6.41299E-02 6.30615E-02 6.22789E-02 6.17310E-02 6.13654E-02 6.11280E-02 % U235
0.00000E+00 9.16473E-05 4.06080E-04 7.23193E-04 1.55129E-03 2.07267E-03 2.47487E-03 2.79611E-03 3.06358E-03 3.28796E-03 3.45749E-03 3.61041E-03 3.72837E-03 % Pu239
0.00000E+00 1.24323E-08 7.82788E-08 1.30098E-07 2.78089E-07 4.41188E-07 6.56822E-07 9.48117E-07 1.32591E-06 1.77836E-06 2.26891E-06 2.82587E-06 3.42651E-06 % Gd155
0.00000E+00 4.30456E-09 1.04100E-08 1.53752E-08 2.90469E-08 3.98537E-08 5.25546E-08 6.98790E-08 9.47186E-08 1.29598E-07 1.73478E-07 2.29062E-07 3.01391E-07 % Gd157
0.00000E+00 7.17965E-10 7.18723E-10 7.18852E-10 6.94446E-10 6.96277E-10 7.14511E-10 7.18033E-10 7.19433E-10 7.21672E-10 7.23465E-10 7.19463E-10 7.22193E-10 % I135
0.00000E+00 1.03448E-09 1.04638E-09 1.05563E-09 1.03935E-09 1.05367E-09 1.09205E-09 1.10696E-09 1.11691E-09 1.12695E-09 1.13429E-09 1.13146E-09 1.13905E-09 % Xe135
0.00000E+00 0.00000E+00 0.00000E+00 0.00000E+00 0.00000E+00 0.00000E+00 0.00000E+00 0.00000E+00 0.00000E+00 0.00000E+00 0.00000E+00 0.00000E+00 0.00000E+00 % lost data
3.35000E+00 3.35000E+00 3.34999E+00 3.34999E+00 3.34996E+00 3.34994E+00 3.34992E+00 3.34990E+00 3.34989E+00 3.34988E+00 3.34987E+00 3.34987E+00 3.34986E+00 % total
];

MAT_fuel_salt_A = [
9.17497E+13 9.15170E+13 9.06407E+13 8.96374E+13 8.62862E+13 8.35826E+13 8.13604E+13 7.96065E+13 7.82803E+13 7.73088E+13 7.66287E+13 7.61749E+13 7.58802E+13 % U235
0.00000E+00 3.26617E+15 1.44721E+16 2.57735E+16 5.52858E+16 7.38668E+16 8.82008E+16 9.96493E+16 1.09181E+17 1.17178E+17 1.23220E+17 1.28670E+17 1.32874E+17 % Pu239
0.00000E+00 0.00000E+00 0.00000E+00 0.00000E+00 0.00000E+00 0.00000E+00 0.00000E+00 0.00000E+00 0.00000E+00 0.00000E+00 0.00000E+00 0.00000E+00 0.00000E+00 % Gd155
0.00000E+00 0.00000E+00 0.00000E+00 0.00000E+00 0.00000E+00 0.00000E+00 0.00000E+00 0.00000E+00 0.00000E+00 0.00000E+00 0.00000E+00 0.00000E+00 0.00000E+00 % Gd157
0.00000E+00 1.45850E+18 1.46004E+18 1.46030E+18 1.41073E+18 1.41445E+18 1.45149E+18 1.45864E+18 1.46149E+18 1.46603E+18 1.46968E+18 1.46155E+18 1.46709E+18 % I135
0.00000E+00 1.51060E+18 1.52798E+18 1.54149E+18 1.51771E+18 1.53864E+18 1.59467E+18 1.61645E+18 1.63098E+18 1.64563E+18 1.65635E+18 1.65222E+18 1.66331E+18 % Xe135
0.00000E+00 0.00000E+00 0.00000E+00 0.00000E+00 0.00000E+00 0.00000E+00 0.00000E+00 0.00000E+00 0.00000E+00 0.00000E+00 0.00000E+00 0.00000E+00 0.00000E+00 % lost data
3.66424E+14 1.63081E+20 1.65558E+20 1.67847E+20 1.70147E+20 1.77841E+20 1.90470E+20 1.99092E+20 2.06694E+20 2.13440E+20 2.18960E+20 2.22093E+20 2.25826E+20 % total
];

MAT_fuel_salt_H = [
6.78055E+01 6.76335E+01 6.69859E+01 6.62444E+01 6.37678E+01 6.17698E+01 6.01275E+01 5.88313E+01 5.78512E+01 5.71333E+01 5.66307E+01 5.62952E+01 5.60775E+01 % U235
0.00000E+00 2.74275E+03 1.21529E+04 2.16432E+04 4.64259E+04 6.20292E+04 7.40661E+04 8.36799E+04 9.16844E+04 9.83995E+04 1.03473E+05 1.08050E+05 1.11580E+05 % Pu239
0.00000E+00 0.00000E+00 0.00000E+00 0.00000E+00 0.00000E+00 0.00000E+00 0.00000E+00 0.00000E+00 0.00000E+00 0.00000E+00 0.00000E+00 0.00000E+00 0.00000E+00 % Gd155
0.00000E+00 0.00000E+00 0.00000E+00 0.00000E+00 0.00000E+00 0.00000E+00 0.00000E+00 0.00000E+00 0.00000E+00 0.00000E+00 0.00000E+00 0.00000E+00 0.00000E+00 % Gd157
0.00000E+00 4.54118E+05 4.54597E+05 4.54679E+05 4.39242E+05 4.40400E+05 4.51933E+05 4.54160E+05 4.55047E+05 4.56462E+05 4.57596E+05 4.55065E+05 4.56792E+05 % I135
0.00000E+00 1.36183E+05 1.37750E+05 1.38968E+05 1.36824E+05 1.38711E+05 1.43762E+05 1.45726E+05 1.47036E+05 1.48357E+05 1.49323E+05 1.48950E+05 1.49950E+05 % Xe135
0.00000E+00 0.00000E+00 0.00000E+00 0.00000E+00 0.00000E+00 0.00000E+00 0.00000E+00 0.00000E+00 0.00000E+00 0.00000E+00 0.00000E+00 0.00000E+00 0.00000E+00 % lost data
2.55950E+02 4.93762E+07 4.88704E+07 4.85287E+07 4.71597E+07 4.84850E+07 5.12263E+07 5.29808E+07 5.45388E+07 5.60288E+07 5.74055E+07 5.82388E+07 5.92202E+07 % total
];

MAT_fuel_salt_SF = [
6.60598E+03 6.58922E+03 6.52613E+03 6.45389E+03 6.21261E+03 6.01795E+03 5.85795E+03 5.73167E+03 5.63618E+03 5.56623E+03 5.51727E+03 5.48459E+03 5.46337E+03 % U235
0.00000E+00 1.01251E+04 4.48635E+04 7.98979E+04 1.71386E+05 2.28987E+05 2.73422E+05 3.08913E+05 3.38462E+05 3.63251E+05 3.81981E+05 3.98876E+05 4.11908E+05 % Pu239
0.00000E+00 0.00000E+00 0.00000E+00 0.00000E+00 0.00000E+00 0.00000E+00 0.00000E+00 0.00000E+00 0.00000E+00 0.00000E+00 0.00000E+00 0.00000E+00 0.00000E+00 % Gd155
0.00000E+00 0.00000E+00 0.00000E+00 0.00000E+00 0.00000E+00 0.00000E+00 0.00000E+00 0.00000E+00 0.00000E+00 0.00000E+00 0.00000E+00 0.00000E+00 0.00000E+00 % Gd157
0.00000E+00 0.00000E+00 0.00000E+00 0.00000E+00 0.00000E+00 0.00000E+00 0.00000E+00 0.00000E+00 0.00000E+00 0.00000E+00 0.00000E+00 0.00000E+00 0.00000E+00 % I135
0.00000E+00 0.00000E+00 0.00000E+00 0.00000E+00 0.00000E+00 0.00000E+00 0.00000E+00 0.00000E+00 0.00000E+00 0.00000E+00 0.00000E+00 0.00000E+00 0.00000E+00 % Xe135
0.00000E+00 0.00000E+00 0.00000E+00 0.00000E+00 0.00000E+00 0.00000E+00 0.00000E+00 0.00000E+00 0.00000E+00 0.00000E+00 0.00000E+00 0.00000E+00 0.00000E+00 % lost data
1.49972E+10 1.50078E+10 1.57543E+10 1.97239E+10 7.14454E+10 1.54866E+11 2.61137E+11 3.96931E+11 5.59811E+11 7.31693E+11 9.16951E+11 1.09599E+12 1.23073E+12 % total
];

