
DETEnergyDetector = [
    1    1    1    1    1    1    1    1    1    1  0.00000E+00 0.00000 
    2    2    1    1    1    1    1    1    1    1  0.00000E+00 0.00000 
    3    3    1    1    1    1    1    1    1    1  0.00000E+00 0.00000 
    4    4    1    1    1    1    1    1    1    1  0.00000E+00 0.00000 
    5    5    1    1    1    1    1    1    1    1  0.00000E+00 0.00000 
    6    6    1    1    1    1    1    1    1    1  0.00000E+00 0.00000 
    7    7    1    1    1    1    1    1    1    1  0.00000E+00 0.00000 
    8    8    1    1    1    1    1    1    1    1  0.00000E+00 0.00000 
    9    9    1    1    1    1    1    1    1    1  0.00000E+00 0.00000 
   10   10    1    1    1    1    1    1    1    1  0.00000E+00 0.00000 
   11   11    1    1    1    1    1    1    1    1  0.00000E+00 0.00000 
   12   12    1    1    1    1    1    1    1    1  0.00000E+00 0.00000 
   13   13    1    1    1    1    1    1    1    1  0.00000E+00 0.00000 
   14   14    1    1    1    1    1    1    1    1  0.00000E+00 0.00000 
   15   15    1    1    1    1    1    1    1    1  0.00000E+00 0.00000 
   16   16    1    1    1    1    1    1    1    1  0.00000E+00 0.00000 
   17   17    1    1    1    1    1    1    1    1  0.00000E+00 0.00000 
   18   18    1    1    1    1    1    1    1    1  0.00000E+00 0.00000 
   19   19    1    1    1    1    1    1    1    1  0.00000E+00 0.00000 
   20   20    1    1    1    1    1    1    1    1  0.00000E+00 0.00000 
   21   21    1    1    1    1    1    1    1    1  0.00000E+00 0.00000 
   22   22    1    1    1    1    1    1    1    1  0.00000E+00 0.00000 
   23   23    1    1    1    1    1    1    1    1  0.00000E+00 0.00000 
   24   24    1    1    1    1    1    1    1    1  0.00000E+00 0.00000 
   25   25    1    1    1    1    1    1    1    1  0.00000E+00 0.00000 
   26   26    1    1    1    1    1    1    1    1  0.00000E+00 0.00000 
   27   27    1    1    1    1    1    1    1    1  0.00000E+00 0.00000 
   28   28    1    1    1    1    1    1    1    1  0.00000E+00 0.00000 
   29   29    1    1    1    1    1    1    1    1  0.00000E+00 0.00000 
   30   30    1    1    1    1    1    1    1    1  0.00000E+00 0.00000 
   31   31    1    1    1    1    1    1    1    1  0.00000E+00 0.00000 
   32   32    1    1    1    1    1    1    1    1  0.00000E+00 0.00000 
   33   33    1    1    1    1    1    1    1    1  0.00000E+00 0.00000 
   34   34    1    1    1    1    1    1    1    1  0.00000E+00 0.00000 
   35   35    1    1    1    1    1    1    1    1  0.00000E+00 0.00000 
   36   36    1    1    1    1    1    1    1    1  5.08243E-07 0.70373 
   37   37    1    1    1    1    1    1    1    1  0.00000E+00 0.00000 
   38   38    1    1    1    1    1    1    1    1  0.00000E+00 0.00000 
   39   39    1    1    1    1    1    1    1    1  0.00000E+00 0.00000 
   40   40    1    1    1    1    1    1    1    1  0.00000E+00 0.00000 
   41   41    1    1    1    1    1    1    1    1  0.00000E+00 0.00000 
   42   42    1    1    1    1    1    1    1    1  0.00000E+00 0.00000 
   43   43    1    1    1    1    1    1    1    1  0.00000E+00 0.00000 
   44   44    1    1    1    1    1    1    1    1  0.00000E+00 0.00000 
   45   45    1    1    1    1    1    1    1    1  0.00000E+00 0.00000 
   46   46    1    1    1    1    1    1    1    1  3.57508E-06 1.00000 
   47   47    1    1    1    1    1    1    1    1  3.64032E-07 1.00000 
   48   48    1    1    1    1    1    1    1    1  0.00000E+00 0.00000 
   49   49    1    1    1    1    1    1    1    1  0.00000E+00 0.00000 
   50   50    1    1    1    1    1    1    1    1  0.00000E+00 0.00000 
   51   51    1    1    1    1    1    1    1    1  0.00000E+00 0.00000 
   52   52    1    1    1    1    1    1    1    1  0.00000E+00 0.00000 
   53   53    1    1    1    1    1    1    1    1  0.00000E+00 0.00000 
   54   54    1    1    1    1    1    1    1    1  0.00000E+00 0.00000 
   55   55    1    1    1    1    1    1    1    1  0.00000E+00 0.00000 
   56   56    1    1    1    1    1    1    1    1  4.63018E-07 1.00000 
   57   57    1    1    1    1    1    1    1    1  0.00000E+00 0.00000 
   58   58    1    1    1    1    1    1    1    1  4.92628E-07 1.00000 
   59   59    1    1    1    1    1    1    1    1  1.02865E-06 0.70357 
   60   60    1    1    1    1    1    1    1    1  5.49059E-07 1.00000 
   61   61    1    1    1    1    1    1    1    1  0.00000E+00 0.00000 
   62   62    1    1    1    1    1    1    1    1  6.21932E-06 0.91718 
   63   63    1    1    1    1    1    1    1    1  5.70424E-06 1.00000 
   64   64    1    1    1    1    1    1    1    1  6.26176E-06 0.91330 
   65   65    1    1    1    1    1    1    1    1  1.18944E-06 0.70358 
   66   66    1    1    1    1    1    1    1    1  1.18567E-06 0.70354 
   67   67    1    1    1    1    1    1    1    1  6.35122E-07 1.00000 
   68   68    1    1    1    1    1    1    1    1  0.00000E+00 0.00000 
   69   69    1    1    1    1    1    1    1    1  6.71287E-07 1.00000 
   70   70    1    1    1    1    1    1    1    1  1.42443E-05 0.67116 
   71   71    1    1    1    1    1    1    1    1  8.40813E-06 0.83951 
   72   72    1    1    1    1    1    1    1    1  2.86100E-06 0.49255 
   73   73    1    1    1    1    1    1    1    1  1.46322E-06 0.70361 
   74   74    1    1    1    1    1    1    1    1  3.40155E-05 0.43738 
   75   75    1    1    1    1    1    1    1    1  0.00000E+00 0.00000 
   76   76    1    1    1    1    1    1    1    1  2.42531E-05 0.55266 
   77   77    1    1    1    1    1    1    1    1  1.14779E-05 0.72312 
   78   78    1    1    1    1    1    1    1    1  1.09768E-05 0.77676 
   79   79    1    1    1    1    1    1    1    1  2.08229E-04 0.20437 
   80   80    1    1    1    1    1    1    1    1  1.36583E-04 0.24921 
   81   81    1    1    1    1    1    1    1    1  5.99816E-05 0.36740 
   82   82    1    1    1    1    1    1    1    1  8.81029E-05 0.33425 
   83   83    1    1    1    1    1    1    1    1  1.76994E-04 0.21909 
   84   84    1    1    1    1    1    1    1    1  2.10690E-04 0.23762 
   85   85    1    1    1    1    1    1    1    1  1.56368E-04 0.22873 
   86   86    1    1    1    1    1    1    1    1  2.03391E-04 0.20953 
   87   87    1    1    1    1    1    1    1    1  2.11483E-04 0.22145 
   88   88    1    1    1    1    1    1    1    1  2.39770E-04 0.20508 
   89   89    1    1    1    1    1    1    1    1  2.34667E-04 0.21480 
   90   90    1    1    1    1    1    1    1    1  3.56700E-04 0.17093 
   91   91    1    1    1    1    1    1    1    1  3.14725E-04 0.17918 
   92   92    1    1    1    1    1    1    1    1  2.99840E-04 0.19371 
   93   93    1    1    1    1    1    1    1    1  5.88224E-04 0.17772 
   94   94    1    1    1    1    1    1    1    1  6.66804E-04 0.16768 
   95   95    1    1    1    1    1    1    1    1  1.28775E-03 0.11399 
   96   96    1    1    1    1    1    1    1    1  3.60687E-03 0.07420 
   97   97    1    1    1    1    1    1    1    1  5.00404E-04 0.16632 
   98   98    1    1    1    1    1    1    1    1  5.13588E-04 0.16968 
   99   99    1    1    1    1    1    1    1    1  6.67664E-04 0.15748 
  100  100    1    1    1    1    1    1    1    1  2.95426E-03 0.08147 
  101  101    1    1    1    1    1    1    1    1  1.34122E-03 0.13086 
  102  102    1    1    1    1    1    1    1    1  1.63210E-03 0.11191 
  103  103    1    1    1    1    1    1    1    1  3.10594E-03 0.08207 
  104  104    1    1    1    1    1    1    1    1  3.99516E-03 0.07193 
  105  105    1    1    1    1    1    1    1    1  2.44673E-03 0.08928 
  106  106    1    1    1    1    1    1    1    1  2.18840E-03 0.07962 
  107  107    1    1    1    1    1    1    1    1  2.91702E-03 0.08438 
  108  108    1    1    1    1    1    1    1    1  8.46007E-03 0.04853 
  109  109    1    1    1    1    1    1    1    1  1.00677E-02 0.04324 
