
DETEnergyDetector = [
    1    1    1    1    1    1    1    1    1    1  0.00000E+00 0.00000 
    2    2    1    1    1    1    1    1    1    1  0.00000E+00 0.00000 
    3    3    1    1    1    1    1    1    1    1  0.00000E+00 0.00000 
    4    4    1    1    1    1    1    1    1    1  0.00000E+00 0.00000 
    5    5    1    1    1    1    1    1    1    1  0.00000E+00 0.00000 
    6    6    1    1    1    1    1    1    1    1  0.00000E+00 0.00000 
    7    7    1    1    1    1    1    1    1    1  0.00000E+00 0.00000 
    8    8    1    1    1    1    1    1    1    1  0.00000E+00 0.00000 
    9    9    1    1    1    1    1    1    1    1  0.00000E+00 0.00000 
   10   10    1    1    1    1    1    1    1    1  0.00000E+00 0.00000 
   11   11    1    1    1    1    1    1    1    1  0.00000E+00 0.00000 
   12   12    1    1    1    1    1    1    1    1  0.00000E+00 0.00000 
   13   13    1    1    1    1    1    1    1    1  0.00000E+00 0.00000 
   14   14    1    1    1    1    1    1    1    1  0.00000E+00 0.00000 
   15   15    1    1    1    1    1    1    1    1  0.00000E+00 0.00000 
   16   16    1    1    1    1    1    1    1    1  0.00000E+00 0.00000 
   17   17    1    1    1    1    1    1    1    1  0.00000E+00 0.00000 
   18   18    1    1    1    1    1    1    1    1  0.00000E+00 0.00000 
   19   19    1    1    1    1    1    1    1    1  0.00000E+00 0.00000 
   20   20    1    1    1    1    1    1    1    1  0.00000E+00 0.00000 
   21   21    1    1    1    1    1    1    1    1  0.00000E+00 0.00000 
   22   22    1    1    1    1    1    1    1    1  0.00000E+00 0.00000 
   23   23    1    1    1    1    1    1    1    1  0.00000E+00 0.00000 
   24   24    1    1    1    1    1    1    1    1  0.00000E+00 0.00000 
   25   25    1    1    1    1    1    1    1    1  0.00000E+00 0.00000 
   26   26    1    1    1    1    1    1    1    1  0.00000E+00 0.00000 
   27   27    1    1    1    1    1    1    1    1  0.00000E+00 0.00000 
   28   28    1    1    1    1    1    1    1    1  0.00000E+00 0.00000 
   29   29    1    1    1    1    1    1    1    1  0.00000E+00 0.00000 
   30   30    1    1    1    1    1    1    1    1  0.00000E+00 0.00000 
   31   31    1    1    1    1    1    1    1    1  0.00000E+00 0.00000 
   32   32    1    1    1    1    1    1    1    1  0.00000E+00 0.00000 
   33   33    1    1    1    1    1    1    1    1  0.00000E+00 0.00000 
   34   34    1    1    1    1    1    1    1    1  0.00000E+00 0.00000 
   35   35    1    1    1    1    1    1    1    1  0.00000E+00 0.00000 
   36   36    1    1    1    1    1    1    1    1  0.00000E+00 0.00000 
   37   37    1    1    1    1    1    1    1    1  0.00000E+00 0.00000 
   38   38    1    1    1    1    1    1    1    1  0.00000E+00 0.00000 
   39   39    1    1    1    1    1    1    1    1  1.36691E+13 1.00000 
   40   40    1    1    1    1    1    1    1    1  0.00000E+00 0.00000 
   41   41    1    1    1    1    1    1    1    1  1.42727E+13 1.00000 
   42   42    1    1    1    1    1    1    1    1  0.00000E+00 0.00000 
   43   43    1    1    1    1    1    1    1    1  0.00000E+00 0.00000 
   44   44    1    1    1    1    1    1    1    1  1.59366E+13 1.00000 
   45   45    1    1    1    1    1    1    1    1  0.00000E+00 0.00000 
   46   46    1    1    1    1    1    1    1    1  0.00000E+00 0.00000 
   47   47    1    1    1    1    1    1    1    1  0.00000E+00 0.00000 
   48   48    1    1    1    1    1    1    1    1  0.00000E+00 0.00000 
   49   49    1    1    1    1    1    1    1    1  0.00000E+00 0.00000 
   50   50    1    1    1    1    1    1    1    1  0.00000E+00 0.00000 
   51   51    1    1    1    1    1    1    1    1  0.00000E+00 0.00000 
   52   52    1    1    1    1    1    1    1    1  1.97262E+13 1.00000 
   53   53    1    1    1    1    1    1    1    1  2.06334E+13 1.00000 
   54   54    1    1    1    1    1    1    1    1  2.05432E+14 1.00000 
   55   55    1    1    1    1    1    1    1    1  0.00000E+00 0.00000 
   56   56    1    1    1    1    1    1    1    1  2.16820E+13 1.00000 
   57   57    1    1    1    1    1    1    1    1  0.00000E+00 0.00000 
   58   58    1    1    1    1    1    1    1    1  2.34506E+13 1.00000 
   59   59    1    1    1    1    1    1    1    1  2.31266E+13 1.00000 
   60   60    1    1    1    1    1    1    1    1  0.00000E+00 0.00000 
   61   61    1    1    1    1    1    1    1    1  0.00000E+00 0.00000 
   62   62    1    1    1    1    1    1    1    1  5.10184E+13 0.70370 
   63   63    1    1    1    1    1    1    1    1  2.93386E+14 0.91294 
   64   64    1    1    1    1    1    1    1    1  2.74697E+13 1.00000 
   65   65    1    1    1    1    1    1    1    1  0.00000E+00 0.00000 
   66   66    1    1    1    1    1    1    1    1  3.26877E+14 0.91718 
   67   67    1    1    1    1    1    1    1    1  8.77944E+13 0.57154 
   68   68    1    1    1    1    1    1    1    1  0.00000E+00 0.00000 
   69   69    1    1    1    1    1    1    1    1  3.33883E+14 0.90917 
   70   70    1    1    1    1    1    1    1    1  0.00000E+00 0.00000 
   71   71    1    1    1    1    1    1    1    1  9.95140E+13 0.57151 
   72   72    1    1    1    1    1    1    1    1  6.66189E+13 0.70364 
   73   73    1    1    1    1    1    1    1    1  1.09929E+15 0.53542 
   74   74    1    1    1    1    1    1    1    1  7.29529E+13 0.70358 
   75   75    1    1    1    1    1    1    1    1  0.00000E+00 0.00000 
   76   76    1    1    1    1    1    1    1    1  5.17083E+14 0.72383 
   77   77    1    1    1    1    1    1    1    1  1.15312E+15 0.57171 
   78   78    1    1    1    1    1    1    1    1  9.03225E+14 0.61390 
   79   79    1    1    1    1    1    1    1    1  2.88383E+16 0.11366 
   80   80    1    1    1    1    1    1    1    1  2.69118E+16 0.13722 
   81   81    1    1    1    1    1    1    1    1  8.89110E+15 0.21441 
   82   82    1    1    1    1    1    1    1    1  1.10883E+16 0.18971 
   83   83    1    1    1    1    1    1    1    1  1.41425E+16 0.16191 
   84   84    1    1    1    1    1    1    1    1  1.93440E+16 0.15733 
   85   85    1    1    1    1    1    1    1    1  1.84662E+16 0.16045 
   86   86    1    1    1    1    1    1    1    1  1.29681E+16 0.18839 
   87   87    1    1    1    1    1    1    1    1  1.62301E+16 0.18612 
   88   88    1    1    1    1    1    1    1    1  2.11360E+16 0.15200 
   89   89    1    1    1    1    1    1    1    1  2.26756E+16 0.14402 
   90   90    1    1    1    1    1    1    1    1  2.91312E+16 0.14621 
   91   91    1    1    1    1    1    1    1    1  3.40762E+16 0.12972 
   92   92    1    1    1    1    1    1    1    1  4.38271E+16 0.12006 
   93   93    1    1    1    1    1    1    1    1  6.06096E+16 0.11618 
   94   94    1    1    1    1    1    1    1    1  7.90664E+16 0.11285 
   95   95    1    1    1    1    1    1    1    1  1.62683E+17 0.07184 
   96   96    1    1    1    1    1    1    1    1  3.71618E+17 0.05214 
   97   97    1    1    1    1    1    1    1    1  6.60751E+16 0.12943 
   98   98    1    1    1    1    1    1    1    1  7.54856E+16 0.10709 
   99   99    1    1    1    1    1    1    1    1  7.70241E+16 0.11128 
  100  100    1    1    1    1    1    1    1    1  3.66380E+17 0.05498 
  101  101    1    1    1    1    1    1    1    1  1.86798E+17 0.08019 
  102  102    1    1    1    1    1    1    1    1  2.39821E+17 0.07431 
  103  103    1    1    1    1    1    1    1    1  3.63231E+17 0.05453 
  104  104    1    1    1    1    1    1    1    1  4.54943E+17 0.04818 
  105  105    1    1    1    1    1    1    1    1  2.80926E+17 0.06123 
  106  106    1    1    1    1    1    1    1    1  2.71880E+17 0.06726 
  107  107    1    1    1    1    1    1    1    1  2.72519E+17 0.06320 
  108  108    1    1    1    1    1    1    1    1  8.60337E+17 0.03983 
  109  109    1    1    1    1    1    1    1    1  1.14533E+18 0.03031 
